2 0.000000 100.000000 5791.461216
25 16 
1 -120.000000 0.000000 -120.000000 98.477937 0.000000 17.365592 0.000053 
2 122.000000 0.000000 -120.000000 98.479428 0.000001 17.350784 0.000075 
3 122.000000 0.000000 120.000000 98.488433 0.000001 17.336421 -0.000052 
4 -120.000000 0.000000 120.000000 98.484549 0.000000 17.365214 -0.000076 
5 1.000000 0.000000 0.000000 98.725972 -0.000005 -0.000000 0.025318 
6 -120.000000 0.000000 0.000000 98.481556 0.000001 17.369470 -0.000032 
7 1.000000 0.000000 -120.000000 98.472836 0.000001 17.356939 0.000184 
8 122.000000 0.000000 0.000000 98.566538 0.000010 16.869258 0.000007 
9 1.000000 0.000000 120.000000 98.491998 0.000001 17.353755 -0.000183 
10 -59.500000 0.000000 -60.000000 98.469384 0.000003 17.367887 0.000214 
11 -120.000000 0.000000 -60.000000 98.478119 0.000001 17.367718 0.000042 
12 -59.500000 0.000000 -120.000000 98.474913 0.000001 17.363546 0.000120 
13 1.000000 0.000000 -60.000000 98.449295 0.000010 17.333569 0.000728 
14 -59.500000 0.000000 0.000000 98.483783 0.000007 17.383469 -0.000124 
15 61.500000 0.000000 -60.000000 98.475390 0.000005 17.309400 0.000298 
16 61.500000 0.000000 -120.000000 98.475977 0.000001 17.351177 0.000142 
17 122.000000 0.000000 -60.000000 98.484012 0.000002 17.321459 0.000087 
18 61.500000 0.000000 0.000000 98.704067 0.000036 16.061826 -0.000048 
19 61.500000 0.000000 60.000000 98.510521 0.000004 17.255379 -0.000207 
20 1.000000 0.000000 60.000000 98.524943 0.000008 17.321546 -0.000720 
21 122.000000 0.000000 60.000000 98.512939 0.000001 17.194135 -0.000044 
22 61.500000 0.000000 120.000000 98.490532 0.000001 17.343459 -0.000118 
23 -59.500000 0.000000 60.000000 98.495828 0.000003 17.366426 -0.000302 
24 -120.000000 0.000000 60.000000 98.484763 0.000001 17.367413 -0.000088 
25 -59.500000 0.000000 120.000000 98.488416 0.000001 17.362477 -0.000142 
1 1 12 10 11 
2 12 7 13 10 
3 10 13 5 14 
4 11 10 14 6 
5 7 16 15 13 
6 16 2 17 15 
7 15 17 8 18 
8 13 15 18 5 
9 5 18 19 20 
10 18 8 21 19 
11 19 21 3 22 
12 20 19 22 9 
13 6 14 23 24 
14 14 5 20 23 
15 23 20 9 25 
16 24 23 25 4 
