2 0.000000 100.000000 579.435449
25 16 
1 -140.000000 0.000000 -140.020927 99.984504 0.000000 1.745291 0.000005 
2 142.000000 0.000000 -140.020927 99.984519 0.000000 1.743689 0.000006 
3 142.000000 0.000000 140.062781 99.985066 0.000000 1.743579 -0.000005 
4 -140.000000 0.000000 140.062781 99.985043 0.000000 1.745288 -0.000005 
5 1.000000 0.000000 0.020927 100.033013 0.000000 -0.509495 -0.000686 
6 -140.000000 0.000000 0.020927 99.984776 0.000000 1.745617 -0.000000 
7 1.000000 0.000000 -140.020927 99.984002 0.000000 1.744481 0.000016 
8 142.000000 0.000000 0.020927 100.006312 0.000000 0.511798 -0.000152 
9 1.000000 0.000000 140.062781 99.985564 0.000000 1.744455 -0.000016 
10 -69.500000 0.000000 -70.000000 99.983713 0.000000 1.745440 0.000021 
11 -140.000000 0.000000 -70.000000 99.984506 0.000000 1.745466 0.000005 
12 -69.500000 0.000000 -140.020927 99.984225 0.000000 1.745100 0.000011 
13 1.000000 0.000000 -70.000000 99.981693 0.000000 1.742184 0.000063 
14 -69.500000 0.000000 0.020927 99.984795 0.000000 1.746733 -0.000001 
15 71.500000 0.000000 -70.000000 99.983766 0.000000 1.738963 0.000022 
16 71.500000 0.000000 -140.020927 99.984231 0.000000 1.743864 0.000011 
17 142.000000 0.000000 -70.000000 99.984593 0.000000 1.739126 0.000006 
18 71.500000 0.000000 0.020927 100.014751 0.000000 0.027116 -0.000295 
19 71.500000 0.000000 70.041854 99.985964 0.000000 1.738529 -0.000022 
20 1.000000 0.000000 70.041854 99.987963 0.000000 1.742081 -0.000063 
21 142.000000 0.000000 70.041854 99.985155 0.000000 1.738252 -0.000005 
22 71.500000 0.000000 140.062781 99.985346 0.000000 1.743803 -0.000011 
23 -69.500000 0.000000 70.041854 99.985858 0.000000 1.745429 -0.000022 
24 -140.000000 0.000000 70.041854 99.985044 0.000000 1.745463 -0.000006 
25 -69.500000 0.000000 140.062781 99.985329 0.000000 1.745092 -0.000011 
1 1 12 10 11 
2 12 7 13 10 
3 10 13 5 14 
4 11 10 14 6 
5 7 16 15 13 
6 16 2 17 15 
7 15 17 8 18 
8 13 15 18 5 
9 5 18 19 20 
10 18 8 21 19 
11 19 21 3 22 
12 20 19 22 9 
13 6 14 23 24 
14 14 5 20 23 
15 23 20 9 25 
16 24 23 25 4 
